0.010514 0.000265 0.053817 0.032812 0.000935 0.000242 0.016700 0.045623 0.336488 0.369265 0.000012 0.006544 0.002320 0.001720 0.007536 0.015454 0.011068 0.029534 0.001650 0.006382 0.000958 0.009106 0.002320 0.006244 0.032489 
0.000690 0.017206 0.435715 0.041902 0.000793 0.000128 0.000383 0.006161 0.000026 0.313460 0.000230 0.004576 0.005139 0.006212 0.011479 0.001764 0.001917 0.062559 0.000026 0.003758 0.000230 0.030091 0.001611 0.000077 0.053867 
0.022099 0.024096 0.000738 0.467981 0.000304 0.001780 0.000217 0.069943 0.000043 0.333131 0.004732 0.015065 0.000217 0.000043 0.002214 0.002041 0.012113 0.023141 0.000912 0.000043 0.001867 0.003604 0.000651 0.000738 0.012287 
0.001234 0.002174 0.000059 0.000294 0.000059 0.000176 0.001234 0.019329 0.000059 0.415428 0.000294 0.000176 0.000059 0.000059 0.000411 0.001116 0.000529 0.435638 0.000764 0.001234 0.002291 0.032842 0.000059 0.000059 0.084425 
0.000099 0.011939 0.000099 0.000099 0.000099 0.000099 0.000099 0.002072 0.000296 0.436211 0.001480 0.003651 0.000099 0.000296 0.003848 0.003059 0.012333 0.001480 0.000099 0.000296 0.000099 0.433843 0.000099 0.000099 0.088111 
0.020506 0.012203 0.000126 0.000126 0.000629 0.000377 0.000126 0.043150 0.000126 0.329979 0.000881 0.006919 0.000126 0.000126 0.000126 0.008177 0.008932 0.000629 0.000126 0.000126 0.000881 0.000126 0.000126 0.002642 0.562712 
0.036132 0.024570 0.000920 0.000394 0.002496 0.000131 0.001971 0.071081 0.000394 0.384312 0.379845 0.042964 0.001445 0.001182 0.000131 0.016949 0.019840 0.000131 0.000131 0.000394 0.013007 0.000394 0.000131 0.000657 0.000394 
0.000410 0.015158 0.001502 0.000137 0.000683 0.000137 0.000956 0.079885 0.000137 0.528062 0.000137 0.011607 0.001502 0.000683 0.003960 0.333880 0.018708 0.000683 0.000137 0.000410 0.000137 0.000137 0.000137 0.000137 0.000683 
0.000243 0.403449 0.002672 0.000243 0.004129 0.000243 0.000243 0.054651 0.001214 0.424338 0.000243 0.011416 0.000729 0.000243 0.000729 0.000243 0.049794 0.000243 0.000243 0.001214 0.000729 0.000243 0.000243 0.000729 0.041535 
0.028614 0.001292 0.000554 0.000554 0.000185 0.000185 0.000185 0.595348 0.000185 0.327303 0.000554 0.012738 0.000554 0.000185 0.000923 0.000185 0.023445 0.000185 0.000554 0.000554 0.000185 0.000185 0.001292 0.000185 0.003877 
0.020674 0.025205 0.001416 0.001416 0.000850 0.000283 0.003115 0.000850 0.001982 0.448315 0.000850 0.028037 0.000283 0.000283 0.028604 0.000283 0.426225 0.000283 0.000283 0.000283 0.002549 0.000283 0.000283 0.004248 0.003115 
0.016957 0.029246 0.000246 0.001720 0.003195 0.000246 0.000246 0.015974 0.000246 0.298108 0.000246 0.619071 0.000246 0.001229 0.000246 0.000246 0.001720 0.001229 0.000737 0.000246 0.007619 0.000246 0.000246 0.000246 0.000246 
0.000754 0.656195 0.001759 0.000251 0.000251 0.000251 0.000251 0.003267 0.000754 0.324453 0.000251 0.000754 0.000251 0.000251 0.000251 0.000251 0.000754 0.000251 0.001257 0.000754 0.002765 0.000754 0.001759 0.001257 0.000251 
0.538685 0.001090 0.003996 0.000363 0.001816 0.006902 0.000363 0.051217 0.000363 0.378859 0.000363 0.000363 0.000363 0.000363 0.000363 0.000363 0.000363 0.003269 0.001090 0.000363 0.003269 0.000363 0.000363 0.001090 0.003996 
0.000826 0.000826 0.009083 0.004129 0.005780 0.000826 0.002477 0.028902 0.002477 0.461602 0.002477 0.000826 0.010735 0.009083 0.005780 0.002477 0.000826 0.423617 0.004129 0.000826 0.000826 0.000826 0.000826 0.002477 0.017341 
0.000485 0.004367 0.004367 0.000485 0.001456 0.000485 0.001456 0.008248 0.001456 0.457545 0.002426 0.000485 0.000485 0.007278 0.000485 0.000485 0.002426 0.000485 0.000485 0.008248 0.002426 0.000485 0.000485 0.001456 0.491509 
0.010413 0.000386 0.000386 0.000386 0.001157 0.000386 0.075202 0.616660 0.000386 0.274971 0.000386 0.000386 0.003471 0.002700 0.001928 0.001157 0.000386 0.000386 0.000386 0.000386 0.004242 0.000386 0.000386 0.000386 0.002700 
0.000338 0.000338 0.000338 0.002366 0.001014 0.000338 0.005069 0.074011 0.001690 0.403853 0.001014 0.000338 0.003042 0.002366 0.001690 0.001690 0.493748 0.000338 0.001690 0.000338 0.001690 0.001014 0.001014 0.000338 0.000338 
0.000646 0.000646 0.000646 0.004525 0.010989 0.000646 0.000646 0.009696 0.000646 0.460892 0.001939 0.001939 0.001939 0.000646 0.490627 0.000646 0.000646 0.000646 0.000646 0.004525 0.001939 0.000646 0.001939 0.000646 0.000646 
0.004878 0.003104 0.000443 0.001330 0.000443 0.001330 0.095344 0.514856 0.001330 0.346341 0.002217 0.000443 0.000443 0.000443 0.000443 0.004878 0.002217 0.000443 0.003991 0.007539 0.004878 0.000443 0.000443 0.001330 0.000443 
0.003534 0.017668 0.010601 0.003534 0.024735 0.632509 0.010601 0.003534 0.003534 0.003534 0.010601 0.024735 0.003534 0.003534 0.010601 0.003534 0.003534 0.003534 0.038869 0.003534 0.067138 0.010601 0.017668 0.081272 0.003534 
0.001848 0.001848 0.556377 0.001848 0.001848 0.001848 0.001848 0.001848 0.001848 0.268022 0.001848 0.001848 0.001848 0.105360 0.001848 0.001848 0.001848 0.001848 0.005545 0.001848 0.012939 0.009242 0.005545 0.001848 0.005545 
0.004525 0.001508 0.001508 0.004525 0.004525 0.001508 0.001508 0.001508 0.001508 0.390649 0.001508 0.001508 0.001508 0.004525 0.001508 0.001508 0.001508 0.007541 0.001508 0.001508 0.001508 0.007541 0.001508 0.001508 0.550528 
0.003679 0.000736 0.000736 0.003679 0.006623 0.000736 0.000736 0.142016 0.002208 0.359823 0.000736 0.008094 0.000736 0.000736 0.003679 0.003679 0.000736 0.000736 0.000736 0.000736 0.018396 0.000736 0.002208 0.436350 0.000736 
0.000462 0.000462 0.000462 0.000462 0.002309 0.000462 0.000462 0.000462 0.001386 0.439261 0.000462 0.000462 0.000462 0.001386 0.539954 0.000462 0.004157 0.000462 0.000462 0.003233 0.000462 0.000462 0.000462 0.000462 0.000462 
0.000247 0.000247 0.000247 0.000247 0.992081 0.000247 0.000742 0.000247 0.000247 0.001732 0.000247 0.000247 0.000247 0.000247 0.000247 0.000247 0.000247 0.000247 0.000247 0.000247 0.000247 0.000247 0.000247 0.000247 0.000247 
0.006796 0.000523 0.001568 0.000523 0.000523 0.000523 0.000523 0.002614 0.002614 0.625719 0.002614 0.001568 0.330894 0.002614 0.000523 0.000523 0.000523 0.000523 0.000523 0.000523 0.003659 0.000523 0.008887 0.003659 0.000523 
0.000633 0.012018 0.001898 0.000633 0.000633 0.000633 0.000633 0.000633 0.000633 0.273877 0.000633 0.000633 0.000633 0.000633 0.000633 0.000633 0.000633 0.000633 0.000633 0.000633 0.693865 0.000633 0.000633 0.005693 0.000633 
0.001151 0.001151 0.001151 0.001151 0.005754 0.001151 0.001151 0.001151 0.001151 0.355581 0.001151 0.003452 0.003452 0.001151 0.005754 0.003452 0.003452 0.003452 0.001151 0.597238 0.001151 0.001151 0.001151 0.001151 0.001151 
0.511170 0.001314 0.003942 0.003942 0.001314 0.003942 0.003942 0.003942 0.001314 0.361367 0.011827 0.001314 0.003942 0.001314 0.001314 0.006570 0.001314 0.001314 0.009198 0.003942 0.019711 0.006570 0.032852 0.001314 0.001314 
0.001435 0.012912 0.004304 0.377331 0.001435 0.001435 0.001435 0.007174 0.001435 0.503587 0.001435 0.001435 0.004304 0.001435 0.001435 0.001435 0.004304 0.001435 0.004304 0.004304 0.001435 0.001435 0.021521 0.035868 0.001435 
0.004243 0.012730 0.009901 0.004243 0.510608 0.007072 0.004243 0.009901 0.001414 0.338048 0.001414 0.004243 0.001414 0.001414 0.004243 0.001414 0.001414 0.001414 0.060820 0.001414 0.004243 0.001414 0.001414 0.007072 0.004243 
0.001030 0.001030 0.001030 0.001030 0.001030 0.009269 0.007209 0.005149 0.001030 0.629248 0.003090 0.011329 0.001030 0.005149 0.003090 0.003090 0.001030 0.001030 0.007209 0.001030 0.001030 0.001030 0.299691 0.003090 0.001030 
0.002433 0.002433 0.002433 0.002433 0.002433 0.017032 0.002433 0.002433 0.051095 0.411192 0.007299 0.420925 0.002433 0.002433 0.002433 0.007299 0.002433 0.002433 0.002433 0.002433 0.017032 0.021898 0.002433 0.007299 0.002433 
0.001464 0.001464 0.001464 0.001464 0.004392 0.004392 0.004392 0.007321 0.001464 0.622255 0.004392 0.001464 0.001464 0.001464 0.004392 0.007321 0.013177 0.001464 0.285505 0.007321 0.001464 0.001464 0.001464 0.004392 0.013177 
0.001704 0.001704 0.001704 0.005111 0.001704 0.008518 0.001704 0.008518 0.001704 0.250426 0.679727 0.001704 0.005111 0.001704 0.001704 0.001704 0.001704 0.005111 0.001704 0.001704 0.001704 0.005111 0.001704 0.005111 0.001704 
0.001600 0.014400 0.001600 0.001600 0.008000 0.360000 0.004800 0.155200 0.001600 0.363200 0.001600 0.001600 0.004800 0.008000 0.001600 0.004800 0.001600 0.004800 0.001600 0.001600 0.033600 0.004800 0.001600 0.008000 0.008000 
0.001357 0.009498 0.001357 0.004071 0.001357 0.001357 0.006784 0.389417 0.001357 0.516961 0.004071 0.001357 0.006784 0.004071 0.001357 0.001357 0.001357 0.001357 0.020353 0.004071 0.009498 0.004071 0.001357 0.001357 0.004071 
0.001156 0.001156 0.001156 0.003468 0.001156 0.001156 0.001156 0.139884 0.001156 0.260116 0.003468 0.001156 0.001156 0.001156 0.003468 0.001156 0.563006 0.001156 0.001156 0.003468 0.001156 0.003468 0.001156 0.001156 0.001156 
0.002020 0.010101 0.002020 0.010101 0.010101 0.034343 0.511111 0.002020 0.002020 0.321212 0.002020 0.010101 0.006061 0.002020 0.006061 0.010101 0.006061 0.002020 0.014141 0.002020 0.002020 0.002020 0.006061 0.002020 0.022222 
0.007160 0.002387 0.026253 0.002387 0.002387 0.002387 0.284010 0.002387 0.007160 0.556086 0.007160 0.002387 0.007160 0.011933 0.002387 0.002387 0.002387 0.002387 0.011933 0.007160 0.011933 0.002387 0.031026 0.002387 0.002387 
0.001447 0.004342 0.004342 0.001447 0.001447 0.001447 0.013025 0.001447 0.007236 0.513748 0.001447 0.007236 0.001447 0.328509 0.001447 0.004342 0.001447 0.001447 0.041968 0.001447 0.001447 0.001447 0.001447 0.001447 0.053546 
0.473684 0.002288 0.016018 0.006865 0.002288 0.002288 0.002288 0.011442 0.006865 0.368421 0.006865 0.002288 0.002288 0.002288 0.002288 0.002288 0.011442 0.002288 0.025172 0.025172 0.002288 0.002288 0.002288 0.016018 0.002288 
0.003058 0.009174 0.009174 0.009174 0.003058 0.003058 0.003058 0.394495 0.015291 0.382263 0.003058 0.015291 0.015291 0.009174 0.021407 0.009174 0.003058 0.003058 0.027523 0.003058 0.033639 0.009174 0.003058 0.009174 0.003058 
0.006897 0.002299 0.025287 0.002299 0.002299 0.025287 0.025287 0.002299 0.002299 0.273563 0.011494 0.002299 0.011494 0.002299 0.002299 0.006897 0.002299 0.002299 0.006897 0.002299 0.002299 0.006897 0.554023 0.006897 0.011494 
0.001733 0.001733 0.001733 0.001733 0.005199 0.015598 0.629116 0.032929 0.005199 0.258232 0.001733 0.005199 0.001733 0.001733 0.001733 0.012132 0.001733 0.001733 0.001733 0.001733 0.001733 0.001733 0.005199 0.001733 0.005199 
0.005917 0.005917 0.005917 0.029586 0.005917 0.017751 0.053254 0.207101 0.053254 0.313609 0.017751 0.005917 0.005917 0.005917 0.005917 0.076923 0.017751 0.005917 0.005917 0.053254 0.029586 0.005917 0.053254 0.005917 0.005917 
0.002132 0.006397 0.027719 0.002132 0.006397 0.002132 0.402985 0.014925 0.002132 0.398721 0.006397 0.006397 0.002132 0.023454 0.006397 0.002132 0.031983 0.002132 0.002132 0.002132 0.002132 0.002132 0.031983 0.010661 0.002132 
0.036437 0.004049 0.004049 0.012146 0.012146 0.028340 0.004049 0.012146 0.004049 0.352227 0.004049 0.004049 0.004049 0.020243 0.004049 0.012146 0.004049 0.004049 0.004049 0.425101 0.004049 0.004049 0.004049 0.004049 0.028340 
0.002268 0.002268 0.002268 0.002268 0.002268 0.002268 0.006803 0.002268 0.015873 0.582766 0.002268 0.002268 0.024943 0.278912 0.002268 0.002268 0.011338 0.002268 0.002268 0.038549 0.002268 0.002268 0.002268 0.002268 0.002268 
0.006711 0.002237 0.002237 0.002237 0.002237 0.002237 0.655481 0.002237 0.006711 0.225951 0.002237 0.002237 0.011186 0.002237 0.002237 0.002237 0.002237 0.002237 0.006711 0.002237 0.006711 0.024609 0.011186 0.002237 0.011186 
0.003559 0.081851 0.017794 0.017794 0.017794 0.024911 0.003559 0.017794 0.003559 0.330961 0.003559 0.003559 0.003559 0.380783 0.003559 0.003559 0.003559 0.003559 0.003559 0.003559 0.003559 0.003559 0.046263 0.003559 0.010676 
0.002817 0.002817 0.002817 0.002817 0.008451 0.002817 0.030986 0.414085 0.002817 0.318310 0.014085 0.002817 0.047887 0.002817 0.002817 0.014085 0.002817 0.002817 0.064789 0.002817 0.002817 0.002817 0.008451 0.030986 0.008451 
0.616766 0.005988 0.029940 0.005988 0.005988 0.005988 0.017964 0.005988 0.005988 0.149701 0.005988 0.005988 0.005988 0.005988 0.017964 0.005988 0.005988 0.005988 0.005988 0.029940 0.005988 0.005988 0.005988 0.005988 0.029940 
0.001477 0.680945 0.001477 0.001477 0.001477 0.001477 0.001477 0.001477 0.004431 0.270310 0.001477 0.001477 0.001477 0.001477 0.001477 0.001477 0.001477 0.001477 0.001477 0.004431 0.004431 0.001477 0.007386 0.001477 0.001477 
0.003436 0.030928 0.003436 0.003436 0.003436 0.003436 0.037801 0.003436 0.003436 0.697595 0.010309 0.024055 0.003436 0.017182 0.003436 0.010309 0.010309 0.003436 0.003436 0.010309 0.085911 0.010309 0.003436 0.003436 0.010309 
0.002353 0.002353 0.002353 0.002353 0.002353 0.002353 0.002353 0.002353 0.002353 0.534118 0.007059 0.002353 0.007059 0.002353 0.002353 0.002353 0.002353 0.007059 0.383529 0.011765 0.002353 0.007059 0.002353 0.002353 0.002353 
0.226667 0.013333 0.013333 0.013333 0.066667 0.013333 0.013333 0.066667 0.013333 0.253333 0.013333 0.013333 0.013333 0.013333 0.013333 0.013333 0.013333 0.013333 0.013333 0.013333 0.013333 0.013333 0.093333 0.013333 0.040000 
0.005348 0.026738 0.069519 0.422460 0.005348 0.026738 0.005348 0.005348 0.005348 0.229947 0.016043 0.005348 0.026738 0.005348 0.005348 0.016043 0.005348 0.005348 0.005348 0.048128 0.016043 0.005348 0.005348 0.026738 0.005348 
0.030837 0.004405 0.013216 0.004405 0.013216 0.004405 0.004405 0.048458 0.004405 0.515419 0.022026 0.004405 0.004405 0.004405 0.004405 0.259912 0.013216 0.004405 0.004405 0.013216 0.004405 0.004405 0.004405 0.004405 0.004405 
0.015385 0.015385 0.015385 0.015385 0.138462 0.015385 0.015385 0.015385 0.015385 0.353846 0.015385 0.015385 0.015385 0.046154 0.107692 0.015385 0.015385 0.015385 0.015385 0.015385 0.015385 0.015385 0.015385 0.046154 0.015385 
0.003636 0.010909 0.003636 0.010909 0.003636 0.003636 0.025455 0.003636 0.003636 0.403636 0.003636 0.010909 0.003636 0.018182 0.040000 0.003636 0.018182 0.396364 0.003636 0.003636 0.003636 0.010909 0.003636 0.003636 0.003636 
0.003322 0.016611 0.003322 0.003322 0.003322 0.388704 0.003322 0.016611 0.009967 0.481728 0.003322 0.009967 0.003322 0.003322 0.003322 0.003322 0.009967 0.003322 0.003322 0.003322 0.009967 0.003322 0.003322 0.003322 0.003322 
0.028902 0.005780 0.005780 0.005780 0.017341 0.005780 0.017341 0.005780 0.005780 0.456647 0.017341 0.005780 0.005780 0.005780 0.005780 0.005780 0.005780 0.329480 0.005780 0.005780 0.017341 0.005780 0.017341 0.005780 0.005780 
0.004785 0.004785 0.004785 0.205742 0.004785 0.014354 0.004785 0.090909 0.004785 0.464115 0.014354 0.004785 0.004785 0.004785 0.023923 0.023923 0.014354 0.014354 0.043062 0.004785 0.004785 0.004785 0.014354 0.004785 0.014354 
0.003279 0.003279 0.003279 0.003279 0.003279 0.009836 0.442623 0.009836 0.003279 0.396721 0.009836 0.003279 0.003279 0.016393 0.003279 0.009836 0.003279 0.022951 0.003279 0.003279 0.029508 0.003279 0.003279 0.003279 0.003279 
0.004016 0.004016 0.004016 0.004016 0.004016 0.004016 0.357430 0.004016 0.004016 0.518072 0.004016 0.004016 0.004016 0.004016 0.004016 0.004016 0.004016 0.004016 0.012048 0.004016 0.004016 0.012048 0.004016 0.012048 0.012048 
0.324138 0.006897 0.006897 0.020690 0.020690 0.020690 0.020690 0.006897 0.158621 0.213793 0.034483 0.006897 0.020690 0.020690 0.006897 0.006897 0.006897 0.006897 0.006897 0.034483 0.006897 0.006897 0.020690 0.006897 0.006897 
0.048544 0.009709 0.514563 0.029126 0.009709 0.009709 0.009709 0.009709 0.009709 0.067961 0.029126 0.009709 0.009709 0.009709 0.009709 0.009709 0.009709 0.029126 0.009709 0.009709 0.106796 0.009709 0.009709 0.009709 0.009709 
0.004566 0.004566 0.004566 0.004566 0.013699 0.022831 0.050228 0.004566 0.004566 0.424658 0.004566 0.004566 0.004566 0.004566 0.004566 0.004566 0.022831 0.360731 0.004566 0.004566 0.004566 0.022831 0.004566 0.004566 0.004566 
0.403599 0.048843 0.002571 0.012853 0.007712 0.007712 0.007712 0.002571 0.002571 0.403599 0.002571 0.007712 0.012853 0.007712 0.002571 0.012853 0.007712 0.002571 0.007712 0.002571 0.023136 0.002571 0.002571 0.002571 0.002571 
0.002096 0.002096 0.002096 0.002096 0.002096 0.002096 0.002096 0.010482 0.002096 0.144654 0.006289 0.002096 0.002096 0.002096 0.006289 0.002096 0.002096 0.002096 0.006289 0.002096 0.002096 0.002096 0.786164 0.002096 0.002096 
0.005236 0.026178 0.005236 0.005236 0.005236 0.005236 0.099476 0.005236 0.005236 0.445026 0.005236 0.005236 0.005236 0.005236 0.005236 0.015707 0.005236 0.005236 0.005236 0.005236 0.005236 0.005236 0.005236 0.047120 0.267016 
0.010601 0.010601 0.045936 0.010601 0.003534 0.003534 0.024735 0.010601 0.010601 0.441696 0.003534 0.010601 0.342756 0.003534 0.024735 0.003534 0.003534 0.003534 0.003534 0.010601 0.003534 0.003534 0.003534 0.003534 0.003534 
0.004405 0.013216 0.004405 0.004405 0.004405 0.004405 0.013216 0.004405 0.004405 0.524229 0.004405 0.004405 0.004405 0.004405 0.348018 0.004405 0.013216 0.004405 0.004405 0.004405 0.004405 0.004405 0.004405 0.004405 0.004405 
0.021277 0.021277 0.333333 0.035461 0.007092 0.007092 0.007092 0.007092 0.007092 0.361702 0.007092 0.007092 0.049645 0.007092 0.007092 0.007092 0.007092 0.007092 0.007092 0.035461 0.007092 0.021277 0.007092 0.007092 0.007092 
0.004255 0.004255 0.021277 0.004255 0.004255 0.004255 0.004255 0.106383 0.012766 0.029787 0.004255 0.004255 0.004255 0.004255 0.012766 0.004255 0.702128 0.012766 0.021277 0.004255 0.012766 0.004255 0.004255 0.004255 0.004255 
0.002227 0.002227 0.006682 0.002227 0.002227 0.002227 0.002227 0.002227 0.002227 0.296214 0.002227 0.002227 0.002227 0.002227 0.002227 0.006682 0.002227 0.002227 0.002227 0.002227 0.643653 0.002227 0.002227 0.002227 0.002227 
0.003195 0.003195 0.003195 0.003195 0.003195 0.003195 0.003195 0.003195 0.003195 0.571885 0.003195 0.003195 0.348243 0.003195 0.003195 0.003195 0.003195 0.003195 0.003195 0.009585 0.003195 0.003195 0.003195 0.003195 0.003195 
0.005025 0.045226 0.195980 0.005025 0.045226 0.005025 0.005025 0.005025 0.005025 0.567839 0.015075 0.005025 0.005025 0.005025 0.005025 0.015075 0.005025 0.005025 0.005025 0.015075 0.005025 0.005025 0.005025 0.005025 0.015075 
0.012048 0.012048 0.012048 0.012048 0.012048 0.012048 0.012048 0.012048 0.012048 0.469880 0.012048 0.012048 0.060241 0.012048 0.012048 0.012048 0.084337 0.012048 0.060241 0.060241 0.012048 0.012048 0.012048 0.012048 0.036145 
0.003717 0.003717 0.003717 0.018587 0.003717 0.003717 0.018587 0.003717 0.003717 0.420074 0.003717 0.003717 0.003717 0.003717 0.011152 0.420074 0.011152 0.003717 0.003717 0.003717 0.003717 0.018587 0.011152 0.003717 0.011152 
0.011765 0.011765 0.011765 0.011765 0.011765 0.058824 0.294118 0.011765 0.011765 0.200000 0.035294 0.011765 0.035294 0.011765 0.011765 0.035294 0.058824 0.011765 0.035294 0.011765 0.011765 0.011765 0.011765 0.011765 0.058824 
0.008547 0.002849 0.002849 0.002849 0.002849 0.002849 0.008547 0.002849 0.008547 0.304843 0.002849 0.002849 0.002849 0.002849 0.002849 0.002849 0.002849 0.002849 0.002849 0.002849 0.601140 0.002849 0.002849 0.002849 0.014245 
0.018868 0.006289 0.006289 0.006289 0.006289 0.006289 0.006289 0.044025 0.044025 0.610063 0.044025 0.006289 0.006289 0.006289 0.006289 0.006289 0.006289 0.006289 0.006289 0.056604 0.018868 0.006289 0.006289 0.031447 0.031447 
